0 0.00368303
1 0.0022068
2 0.0009176
3 0.0004575
4 0.000675333
5 0.0044279
6 0.0034173
7 0.0024952
8 0.00155137
9 0.00177753
10 0.00442493
11 0.0062216
12 0.00272143
13 0.0038549
14 0.00437013
15 0.00485347
16 0.0065265
17 0.00680577
18 0.00868477
19 0.0107158
20 0.014335
21 0.0113599
22 0.0121799
23 0.013351
24 0.015645
25 0.0185271
26 0.020303
27 0.0214648
28 0.0259311
29 0.0273827
30 0.0297998
31 0.0330662
32 0.0350529
33 0.037244
34 0.0421387
35 0.0444018
36 0.0488951
37 0.0553239
38 0.0587382
39 0.0611252
40 0.0662497
41 0.071983
42 0.075979
43 0.081234
44 0.0848339
45 0.0941785
46 0.099821
47 0.103759
48 0.116434
49 0.120736
50 0.125513
51 0.135656
52 0.157918
53 0.153663
54 0.157965
55 0.16417
56 0.184054
57 0.19108
58 0.201143
59 0.204405
60 0.226216
61 0.231554
62 0.243437
63 0.268384
64 0.271332
65 0.285937
66 0.309112
67 0.347769
68 0.331939
69 0.334466
70 0.356217
71 0.383689
72 0.415747
73 0.395854
74 0.419439
75 0.438155
76 0.475185
77 0.516525
78 0.532342
79 0.53934
80 0.547183
81 0.578828
82 0.5447
83 0.60601
84 0.606837
85 0.607848
86 0.641508
87 0.677262
88 0.681311
89 0.714232
90 0.727741
91 0.747032
92 0.817872
93 0.837716
94 0.894839
95 0.87058
96 0.919068
97 1.07024
98 1.01378
99 0.999148
