0 0.00414407
1 0.0017639
2 0.00454453
3 0.00659183
4 0.0094602
5 0.011227
6 0.0041644
7 0.00414037
8 0.0024232
9 0.00442217
10 0.00519087
11 0.0140659
12 0.0116696
13 0.0114059
14 0.0044377
15 0.00336627
16 0.0058563
17 0.00523997
18 0.0157324
19 0.0068891
20 0.00762757
21 0.006297
22 0.00982113
23 0.00972533
24 0.0269613
25 0.0265695
26 0.146996
27 0.031733
28 0.0402905
29 0.0150441
30 0.0191229
31 0.0145256
32 0.0187569
33 0.0179464
34 0.0213942
35 0.0517768
36 0.0350572
37 0.0232538
38 0.0275646
39 0.0244447
40 0.0265793
41 0.0345803
42 0.0415118
43 0.0617741
44 0.0705648
45 0.0512138
46 0.0515923
47 0.0523491
48 0.0720271
49 0.0507083
50 0.0801063
51 0.065302
52 0.06228
53 0.0707178
54 0.0855947
55 0.0789943
56 0.0712488
57 0.0771855
58 0.0769505
59 0.104692
60 0.0815985
61 0.119639
62 0.126156
63 0.0974376
64 0.122416
65 0.105792
66 0.112677
67 0.13388
68 0.171173
69 0.126951
70 0.147229
71 0.163334
72 0.161946
73 0.168921
74 0.169582
75 0.184712
76 0.1637
77 0.174476
78 0.167788
79 0.179176
80 0.18427
81 0.20694
82 0.213382
83 0.232022
84 0.214521
85 0.237792
86 0.236134
87 0.236245
88 0.261946
89 0.27225
90 0.305488
91 0.30858
92 0.280271
93 0.30081
94 0.31542
95 0.339855
96 0.31024
97 0.337464
98 0.363537
99 0.421418