0 0.0070367
1 1.0203
2 0.484022
3 0.378476
4 0.261552
5 0.232836
6 0.228046
7 0.255039
8 0.282851
9 0.244596
10 0.214167
11 0.2149
12 0.225772
13 0.278628
14 0.245249
15 0.285728
16 0.246806
17 0.31702
18 0.276154
19 0.259344
20 0.215342
21 0.340522
22 0.332602
23 0.256581
24 0.231301
25 0.201974
26 0.376845
27 0.383545
28 0.325096
29 0.322032
30 0.281132
31 0.293181
32 0.270408
33 0.215157
34 0.466865
35 0.446254
36 0.418005
37 0.400481
38 0.414013
39 0.368552
40 0.355547
41 0.354058
42 0.365894
43 0.314321
44 0.30242
45 0.307211
46 0.289283
47 0.253666
48 0.239322
49 0.227063
50 0.215291
51 0.574716
52 0.576233
53 0.57348
54 0.587292
55 0.609978
56 0.562492
57 0.561316
58 0.534377
59 0.533509
60 0.521567
61 0.515042
62 0.510875
63 0.519256
64 0.488894
65 0.492564
66 0.501749
67 0.492047
68 0.473908
69 0.459656
70 0.451806
71 0.429924
72 0.434491
73 0.423287
74 0.415704
75 0.414399
76 0.400229
77 0.394398
78 0.394416
79 0.38584
80 0.387909
81 0.363161
82 0.371864
83 0.358011
84 0.349106
85 0.339369
86 0.330935
87 0.3264
88 0.316196
89 0.318205
90 0.308879
91 0.304516
92 0.29483
93 0.281568
94 0.271809
95 0.272095
96 0.249945
97 0.249276
98 0.241907
99 0.233308