0 8.8e-06
1 2.08333e-05
2 3.28e-05
3 5.37667e-05
4 8.65333e-05
5 0.000141067
6 0.000225467
7 0.000350167
8 0.0005009
9 0.000726433
10 0.000932833
11 0.00127847
12 0.00169363
13 0.00211207
14 0.00255357
15 0.00325633
16 0.00390633
17 0.00471423
18 0.0058069
19 0.00762083
20 0.00773347
21 0.00902497
22 0.0101666
23 0.0115145
24 0.0136645
25 0.0186067
26 0.028505
27 0.0273443
28 0.0210938
29 0.0251285
30 0.0261692
31 0.0288116
32 0.0314864
33 0.035392
34 0.0375959
35 0.0403205
36 0.0435633
37 0.0529276
38 0.0637256
39 0.0562833
40 0.0604851
41 0.0654396
42 0.0712734
43 0.0753158
44 0.080153
45 0.0860365
46 0.163922
47 0.112779
48 0.125438
49 0.162802
50 0.152959
51 0.167905
52 0.172
53 0.150343
54 0.150932
55 0.165508
56 0.180134
57 0.183647
58 0.191143
59 0.212324
60 0.220178
61 0.239639
62 0.24476
63 0.288924
64 0.276322
65 0.275028
66 0.284961
67 0.28992
68 0.314506
69 0.317409
70 0.34965
71 0.349973
72 0.371007
73 0.381219
74 0.395951
75 0.417165
76 0.424349
77 0.467757
78 0.518264
79 0.56327
80 0.593466
81 0.589713
82 0.603151
83 0.62167
84 0.611487
85 0.651427
86 0.663859
87 0.680005
88 0.690438
89 0.726976
90 0.739456
91 0.753988
92 0.769648
93 0.817944
94 0.800984
95 0.835825
96 0.844243
97 0.88172
98 0.898865
99 0.928636