0 0.0020136
1 0.129464
2 0.0646173
3 0.0477264
4 0.0392519
5 0.030964
6 0.0302446
7 0.0405639
8 0.0390137
9 0.043012
10 0.0302139
11 0.0424259
12 0.0319426
13 0.0552574
14 0.0497459
15 0.0426016
16 0.035273
17 0.0651857
18 0.0612862
19 0.0591438
20 0.0540392
21 0.0485358
22 0.0433641
23 0.0394559
24 0.0360427
25 0.0354035
26 0.0826119
27 0.0805262
28 0.0786024
29 0.0785829
30 0.0751735
31 0.0736535
32 0.0721557
33 0.0728985
34 0.0688918
35 0.0678339
36 0.0665274
37 0.0642047
38 0.0636941
39 0.0588522
40 0.0610186
41 0.0573813
42 0.0569392
43 0.0544903
44 0.0506901
45 0.0513953
46 0.0474135
47 0.0465688
48 0.0432633
49 0.0443902
50 0.0396431
51 0.138434
52 0.137168